(kicad_pcb (version 20171130) (host pcbnew "(5.0.0)")

  (general
    (thickness 1.6)
    (drawings 54)
    (tracks 2472)
    (zones 0)
    (modules 188)
    (nets 139)
  )

  (page A4)
  (layers
    (0 F.Cu signal)
    (31 B.Cu signal)
    (32 B.Adhes user)
    (33 F.Adhes user)
    (34 B.Paste user)
    (35 F.Paste user)
    (36 B.SilkS user)
    (37 F.SilkS user hide)
    (38 B.Mask user)
    (39 F.Mask user)
    (40 Dwgs.User user)
    (41 Cmts.User user hide)
    (42 Eco1.User user hide)
    (43 Eco2.User user hide)
    (44 Edge.Cuts user)
    (45 Margin user hide)
    (46 B.CrtYd user hide)
    (47 F.CrtYd user hide)
    (48 B.Fab user hide)
    (49 F.Fab user hide)
  )

  (setup
    (last_trace_width 0.127)
    (trace_clearance 0.16)
    (zone_clearance 0.508)
    (zone_45_only no)
    (trace_min 0.127)
    (segment_width 0.2)
    (edge_width 0.2)
    (via_size 0.6)
    (via_drill 0.3)
    (via_min_size 0.3)
    (via_min_drill 0.3)
    (uvia_size 0.3)
    (uvia_drill 0.1)
    (uvias_allowed no)
    (uvia_min_size 0.2)
    (uvia_min_drill 0.1)
    (pcb_text_width 0.3)
    (pcb_text_size 1.5 1.5)
    (mod_edge_width 0.15)
    (mod_text_size 1 1)
    (mod_text_width 0.15)
    (pad_size 3 2)
    (pad_drill 2.7)
    (pad_to_mask_clearance 0)
    (aux_axis_origin 0 0)
    (visible_elements 7FF5F7FF)
    (pcbplotparams
      (layerselection 0x010fc_ffffffff)
      (usegerberextensions false)
      (usegerberattributes true)
      (usegerberadvancedattributes true)
      (creategerberjobfile false)
      (excludeedgelayer false)
      (linewidth 0.150000)
      (plotframeref false)
      (viasonmask false)
      (mode 1)
      (useauxorigin false)
      (hpglpennumber 1)
      (hpglpenspeed 20)
      (hpglpendiameter 15.000000)
      (psnegative false)
      (psa4output false)
      (plotreference true)
      (plotvalue true)
      (plotinvisibletext false)
      (padsonsilk false)
      (subtractmaskfromsilk false)
      (outputformat 1)
      (mirror false)
      (drillshape 0)
      (scaleselection 1)
      (outputdirectory "Gerbers/"))
  )

  (net 0 "")
  (net 1 +5V)
  (net 2 GND)
  (net 3 "Net-(C6-Pad2)")
  (net 4 "Net-(C7-Pad2)")
  (net 5 "Net-(D1-Pad2)")
  (net 6 ROW0)
  (net 7 "Net-(D2-Pad2)")
  (net 8 "Net-(D3-Pad2)")
  (net 9 "Net-(D4-Pad2)")
  (net 10 "Net-(D5-Pad2)")
  (net 11 "Net-(D6-Pad2)")
  (net 12 "Net-(D7-Pad2)")
  (net 13 "Net-(D8-Pad2)")
  (net 14 "Net-(D9-Pad2)")
  (net 15 "Net-(D10-Pad2)")
  (net 16 "Net-(D11-Pad2)")
  (net 17 "Net-(D12-Pad2)")
  (net 18 "Net-(D13-Pad2)")
  (net 19 ROW1)
  (net 20 "Net-(D14-Pad2)")
  (net 21 "Net-(D15-Pad2)")
  (net 22 "Net-(D16-Pad2)")
  (net 23 "Net-(D17-Pad2)")
  (net 24 "Net-(D18-Pad2)")
  (net 25 "Net-(D19-Pad2)")
  (net 26 "Net-(D20-Pad2)")
  (net 27 "Net-(D21-Pad2)")
  (net 28 "Net-(D22-Pad2)")
  (net 29 "Net-(D23-Pad2)")
  (net 30 "Net-(D24-Pad2)")
  (net 31 ROW2)
  (net 32 "Net-(D25-Pad2)")
  (net 33 "Net-(D26-Pad2)")
  (net 34 "Net-(D27-Pad2)")
  (net 35 "Net-(D28-Pad2)")
  (net 36 "Net-(D29-Pad2)")
  (net 37 "Net-(D30-Pad2)")
  (net 38 "Net-(D31-Pad2)")
  (net 39 "Net-(D32-Pad2)")
  (net 40 "Net-(D33-Pad2)")
  (net 41 "Net-(D34-Pad2)")
  (net 42 ROW3)
  (net 43 "Net-(D35-Pad2)")
  (net 44 "Net-(D36-Pad2)")
  (net 45 "Net-(D37-Pad2)")
  (net 46 "Net-(D38-Pad2)")
  (net 47 "Net-(D39-Pad2)")
  (net 48 "Net-(D40-Pad2)")
  (net 49 "Net-(D41-Pad2)")
  (net 50 "Net-(D42-Pad2)")
  (net 51 "Net-(D43-Pad2)")
  (net 52 VCC)
  (net 53 "Net-(LED1-Pad2)")
  (net 54 "Net-(LED1-Pad4)")
  (net 55 "Net-(LED2-Pad2)")
  (net 56 "Net-(LED3-Pad2)")
  (net 57 "Net-(LED4-Pad2)")
  (net 58 "Net-(LED5-Pad2)")
  (net 59 "Net-(LED6-Pad2)")
  (net 60 "Net-(LED7-Pad2)")
  (net 61 "Net-(LED8-Pad2)")
  (net 62 "Net-(LED10-Pad4)")
  (net 63 "Net-(LED10-Pad2)")
  (net 64 "Net-(LED11-Pad2)")
  (net 65 "Net-(LED12-Pad2)")
  (net 66 "Net-(LED13-Pad2)")
  (net 67 "Net-(MX1-Pad4)")
  (net 68 COL0)
  (net 69 COL1)
  (net 70 "Net-(MX2-Pad4)")
  (net 71 COL2)
  (net 72 "Net-(MX3-Pad4)")
  (net 73 "Net-(MX4-Pad4)")
  (net 74 COL3)
  (net 75 "Net-(MX5-Pad4)")
  (net 76 COL4)
  (net 77 "Net-(MX6-Pad4)")
  (net 78 COL5)
  (net 79 "Net-(MX7-Pad4)")
  (net 80 COL6)
  (net 81 COL7)
  (net 82 "Net-(MX8-Pad4)")
  (net 83 "Net-(MX9-Pad4)")
  (net 84 COL8)
  (net 85 COL9)
  (net 86 "Net-(MX10-Pad4)")
  (net 87 "Net-(MX11-Pad4)")
  (net 88 COL10)
  (net 89 COL11)
  (net 90 "Net-(MX12-Pad4)")
  (net 91 "Net-(MX13-Pad4)")
  (net 92 "Net-(MX14-Pad4)")
  (net 93 "Net-(MX15-Pad4)")
  (net 94 "Net-(MX16-Pad4)")
  (net 95 "Net-(MX17-Pad4)")
  (net 96 "Net-(MX18-Pad4)")
  (net 97 "Net-(MX19-Pad4)")
  (net 98 "Net-(MX20-Pad4)")
  (net 99 "Net-(MX21-Pad4)")
  (net 100 "Net-(MX22-Pad4)")
  (net 101 "Net-(MX23-Pad4)")
  (net 102 "Net-(MX24-Pad4)")
  (net 103 "Net-(MX25-Pad4)")
  (net 104 "Net-(MX26-Pad4)")
  (net 105 "Net-(MX27-Pad4)")
  (net 106 "Net-(MX28-Pad4)")
  (net 107 "Net-(MX29-Pad4)")
  (net 108 "Net-(MX30-Pad4)")
  (net 109 "Net-(MX31-Pad4)")
  (net 110 "Net-(MX32-Pad4)")
  (net 111 "Net-(MX33-Pad4)")
  (net 112 "Net-(MX34-Pad4)")
  (net 113 "Net-(MX35-Pad4)")
  (net 114 "Net-(MX36-Pad4)")
  (net 115 "Net-(MX37-Pad4)")
  (net 116 "Net-(MX38-Pad4)")
  (net 117 "Net-(MX39-Pad4)")
  (net 118 "Net-(MX40-Pad4)")
  (net 119 "Net-(MX41-Pad4)")
  (net 120 "Net-(MX42-Pad4)")
  (net 121 "Net-(MX43-Pad4)")
  (net 122 "Net-(NPNR1-Pad2)")
  (net 123 LEDPWM)
  (net 124 LEDGND)
  (net 125 RST)
  (net 126 "Net-(R2-Pad1)")
  (net 127 RGBIN)
  (net 128 MOSI)
  (net 129 SCK)
  (net 130 MISO)
  (net 131 "Net-(U1-Pad17)")
  (net 132 "Net-(U1-Pad16)")
  (net 133 D+)
  (net 134 D-)
  (net 135 "Net-(UR3-Pad2)")
  (net 136 "Net-(UR4-Pad1)")
  (net 137 "Net-(J1-Pad3)")
  (net 138 "Net-(J1-Pad2)")

  (net_class Default "This is the default net class."
    (clearance 0.16)
    (trace_width 0.127)
    (via_dia 0.6)
    (via_drill 0.3)
    (uvia_dia 0.3)
    (uvia_drill 0.1)
    (add_net COL0)
    (add_net COL1)
    (add_net COL10)
    (add_net COL11)
    (add_net COL2)
    (add_net COL3)
    (add_net COL4)
    (add_net COL5)
    (add_net COL6)
    (add_net COL7)
    (add_net COL8)
    (add_net COL9)
    (add_net D+)
    (add_net D-)
    (add_net GND)
    (add_net LEDGND)
    (add_net LEDPWM)
    (add_net MISO)
    (add_net MOSI)
    (add_net "Net-(C6-Pad2)")
    (add_net "Net-(C7-Pad2)")
    (add_net "Net-(D1-Pad2)")
    (add_net "Net-(D10-Pad2)")
    (add_net "Net-(D11-Pad2)")
    (add_net "Net-(D12-Pad2)")
    (add_net "Net-(D13-Pad2)")
    (add_net "Net-(D14-Pad2)")
    (add_net "Net-(D15-Pad2)")
    (add_net "Net-(D16-Pad2)")
    (add_net "Net-(D17-Pad2)")
    (add_net "Net-(D18-Pad2)")
    (add_net "Net-(D19-Pad2)")
    (add_net "Net-(D2-Pad2)")
    (add_net "Net-(D20-Pad2)")
    (add_net "Net-(D21-Pad2)")
    (add_net "Net-(D22-Pad2)")
    (add_net "Net-(D23-Pad2)")
    (add_net "Net-(D24-Pad2)")
    (add_net "Net-(D25-Pad2)")
    (add_net "Net-(D26-Pad2)")
    (add_net "Net-(D27-Pad2)")
    (add_net "Net-(D28-Pad2)")
    (add_net "Net-(D29-Pad2)")
    (add_net "Net-(D3-Pad2)")
    (add_net "Net-(D30-Pad2)")
    (add_net "Net-(D31-Pad2)")
    (add_net "Net-(D32-Pad2)")
    (add_net "Net-(D33-Pad2)")
    (add_net "Net-(D34-Pad2)")
    (add_net "Net-(D35-Pad2)")
    (add_net "Net-(D36-Pad2)")
    (add_net "Net-(D37-Pad2)")
    (add_net "Net-(D38-Pad2)")
    (add_net "Net-(D39-Pad2)")
    (add_net "Net-(D4-Pad2)")
    (add_net "Net-(D40-Pad2)")
    (add_net "Net-(D41-Pad2)")
    (add_net "Net-(D42-Pad2)")
    (add_net "Net-(D43-Pad2)")
    (add_net "Net-(D5-Pad2)")
    (add_net "Net-(D6-Pad2)")
    (add_net "Net-(D7-Pad2)")
    (add_net "Net-(D8-Pad2)")
    (add_net "Net-(D9-Pad2)")
    (add_net "Net-(J1-Pad2)")
    (add_net "Net-(J1-Pad3)")
    (add_net "Net-(LED1-Pad2)")
    (add_net "Net-(LED1-Pad4)")
    (add_net "Net-(LED10-Pad2)")
    (add_net "Net-(LED10-Pad4)")
    (add_net "Net-(LED11-Pad2)")
    (add_net "Net-(LED12-Pad2)")
    (add_net "Net-(LED13-Pad2)")
    (add_net "Net-(LED2-Pad2)")
    (add_net "Net-(LED3-Pad2)")
    (add_net "Net-(LED4-Pad2)")
    (add_net "Net-(LED5-Pad2)")
    (add_net "Net-(LED6-Pad2)")
    (add_net "Net-(LED7-Pad2)")
    (add_net "Net-(LED8-Pad2)")
    (add_net "Net-(MX1-Pad4)")
    (add_net "Net-(MX10-Pad4)")
    (add_net "Net-(MX11-Pad4)")
    (add_net "Net-(MX12-Pad4)")
    (add_net "Net-(MX13-Pad4)")
    (add_net "Net-(MX14-Pad4)")
    (add_net "Net-(MX15-Pad4)")
    (add_net "Net-(MX16-Pad4)")
    (add_net "Net-(MX17-Pad4)")
    (add_net "Net-(MX18-Pad4)")
    (add_net "Net-(MX19-Pad4)")
    (add_net "Net-(MX2-Pad4)")
    (add_net "Net-(MX20-Pad4)")
    (add_net "Net-(MX21-Pad4)")
    (add_net "Net-(MX22-Pad4)")
    (add_net "Net-(MX23-Pad4)")
    (add_net "Net-(MX24-Pad4)")
    (add_net "Net-(MX25-Pad4)")
    (add_net "Net-(MX26-Pad4)")
    (add_net "Net-(MX27-Pad4)")
    (add_net "Net-(MX28-Pad4)")
    (add_net "Net-(MX29-Pad4)")
    (add_net "Net-(MX3-Pad4)")
    (add_net "Net-(MX30-Pad4)")
    (add_net "Net-(MX31-Pad4)")
    (add_net "Net-(MX32-Pad4)")
    (add_net "Net-(MX33-Pad4)")
    (add_net "Net-(MX34-Pad4)")
    (add_net "Net-(MX35-Pad4)")
    (add_net "Net-(MX36-Pad4)")
    (add_net "Net-(MX37-Pad4)")
    (add_net "Net-(MX38-Pad4)")
    (add_net "Net-(MX39-Pad4)")
    (add_net "Net-(MX4-Pad4)")
    (add_net "Net-(MX40-Pad4)")
    (add_net "Net-(MX41-Pad4)")
    (add_net "Net-(MX42-Pad4)")
    (add_net "Net-(MX43-Pad4)")
    (add_net "Net-(MX5-Pad4)")
    (add_net "Net-(MX6-Pad4)")
    (add_net "Net-(MX7-Pad4)")
    (add_net "Net-(MX8-Pad4)")
    (add_net "Net-(MX9-Pad4)")
    (add_net "Net-(NPNR1-Pad2)")
    (add_net "Net-(R2-Pad1)")
    (add_net "Net-(U1-Pad16)")
    (add_net "Net-(U1-Pad17)")
    (add_net "Net-(UR3-Pad2)")
    (add_net "Net-(UR4-Pad1)")
    (add_net RGBIN)
    (add_net ROW0)
    (add_net ROW1)
    (add_net ROW2)
    (add_net ROW3)
    (add_net RST)
    (add_net SCK)
  )

  (net_class VCC ""
    (clearance 0.16)
    (trace_width 0.2032)
    (via_dia 0.6)
    (via_drill 0.3)
    (uvia_dia 0.3)
    (uvia_drill 0.1)
    (add_net +5V)
    (add_net VCC)
  )

  (module keyboard_parts:PIN_1 (layer F.Cu) (tedit 5B88180D) (tstamp 5B882232)
    (at 68.707 62.484 90)
    (tags "CONN pin 1 circle")
    (fp_text reference P? (at 0 -1.45 90) (layer F.SilkS) hide
      (effects (font (size 0.8 0.8) (thickness 0.15)))
    )
    (fp_text value CONN_1 (at 0 -1.45 90) (layer F.SilkS) hide
      (effects (font (size 0.8 0.8) (thickness 0.15)))
    )
    (pad 1 thru_hole oval (at 0 0 90) (size 3 2) (drill oval 2.7 1.7) (layers *.Cu *.Mask))
  )

  (module Buttons_Switches_SMD:SW_SPST_TL3342 (layer B.Cu) (tedit 58724C2D) (tstamp 5B4CD982)
    (at 233.3244 85.852 270)
    (descr "Low-profile SMD Tactile Switch, https://www.e-switch.com/system/asset/product_line/data_sheet/165/TL3342.pdf")
    (tags "SPST Tactile Switch")
    (path /5B4A9E52)
    (attr smd)
    (fp_text reference SW1 (at 0 3.75 270) (layer B.SilkS)
      (effects (font (size 1 1) (thickness 0.15)) (justify mirror))
    )
    (fp_text value SW_PUSH (at 0 -3.75 270) (layer B.Fab)
      (effects (font (size 1 1) (thickness 0.15)) (justify mirror))
    )
    (fp_text user %R (at 0 3.75 270) (layer B.Fab)
      (effects (font (size 1 1) (thickness 0.15)) (justify mirror))
    )
    (fp_line (start 3.2 -2.1) (end 3.2 -1.6) (layer B.Fab) (width 0.1))
    (fp_line (start 3.2 2.1) (end 3.2 1.6) (layer B.Fab) (width 0.1))
    (fp_line (start -3.2 -2.1) (end -3.2 -1.6) (layer B.Fab) (width 0.1))
    (fp_line (start -3.2 2.1) (end -3.2 1.6) (layer B.Fab) (width 0.1))
    (fp_line (start 2.7 2.1) (end 2.7 1.6) (layer B.Fab) (width 0.1))
    (fp_line (start 1.7 2.1) (end 3.2 2.1) (layer B.Fab) (width 0.1))
    (fp_line (start 3.2 1.6) (end 2.2 1.6) (layer B.Fab) (width 0.1))
    (fp_line (start -2.7 2.1) (end -2.7 1.6) (layer B.Fab) (width 0.1))
    (fp_line (start -1.7 2.1) (end -3.2 2.1) (layer B.Fab) (width 0.1))
    (fp_line (start -3.2 1.6) (end -2.2 1.6) (layer B.Fab) (width 0.1))
    (fp_line (start -2.7 -2.1) (end -2.7 -1.6) (layer B.Fab) (width 0.1))
    (fp_line (start -3.2 -1.6) (end -2.2 -1.6) (layer B.Fab) (width 0.1))
    (fp_line (start -1.7 -2.1) (end -3.2 -2.1) (layer B.Fab) (width 0.1))
    (fp_line (start 1.7 -2.1) (end 3.2 -2.1) (layer B.Fab) (width 0.1))
    (fp_line (start 2.7 -2.1) (end 2.7 -1.6) (layer B.Fab) (width 0.1))
    (fp_line (start 3.2 -1.6) (end 2.2 -1.6) (layer B.Fab) (width 0.1))
    (fp_line (start -1.7 -2.3) (end -1.25 -2.75) (layer B.SilkS) (width 0.12))
    (fp_line (start 1.7 -2.3) (end 1.25 -2.75) (layer B.SilkS) (width 0.12))
    (fp_line (start 1.7 2.3) (end 1.25 2.75) (layer B.SilkS) (width 0.12))
    (fp_line (start -1.7 2.3) (end -1.25 2.75) (layer B.SilkS) (width 0.12))
    (fp_line (start -2 1) (end -1 2) (layer B.Fab) (width 0.1))
    (fp_line (start -1 2) (end 1 2) (layer B.Fab) (width 0.1))
    (fp_line (start 1 2) (end 2 1) (layer B.Fab) (width 0.1))
    (fp_line (start 2 1) (end 2 -1) (layer B.Fab) (width 0.1))
    (fp_line (start 2 -1) (end 1 -2) (layer B.Fab) (width 0.1))
    (fp_line (start 1 -2) (end -1 -2) (layer B.Fab) (width 0.1))
    (fp_line (start -1 -2) (end -2 -1) (layer B.Fab) (width 0.1))
    (fp_line (start -2 -1) (end -2 1) (layer B.Fab) (width 0.1))
    (fp_line (start 2.75 1) (end 2.75 -1) (layer B.SilkS) (width 0.12))
    (fp_line (start -1.25 -2.75) (end 1.25 -2.75) (layer B.SilkS) (width 0.12))
    (fp_line (start -2.75 1) (end -2.75 -1) (layer B.SilkS) (width 0.12))
    (fp_line (start -1.25 2.75) (end 1.25 2.75) (layer B.SilkS) (width 0.12))
    (fp_line (start -2.6 1.2) (end -2.6 -1.2) (layer B.Fab) (width 0.1))
    (fp_line (start -2.6 -1.2) (end -1.2 -2.6) (layer B.Fab) (width 0.1))
    (fp_line (start -1.2 -2.6) (end 1.2 -2.6) (layer B.Fab) (width 0.1))
    (fp_line (start 1.2 -2.6) (end 2.6 -1.2) (layer B.Fab) (width 0.1))
    (fp_line (start 2.6 -1.2) (end 2.6 1.2) (layer B.Fab) (width 0.1))
    (fp_line (start 2.6 1.2) (end 1.2 2.6) (layer B.Fab) (width 0.1))
    (fp_line (start 1.2 2.6) (end -1.2 2.6) (layer B.Fab) (width 0.1))
    (fp_line (start -1.2 2.6) (end -2.6 1.2) (layer B.Fab) (width 0.1))
    (fp_line (start -4.25 3) (end 4.25 3) (layer B.CrtYd) (width 0.05))
    (fp_line (start 4.25 3) (end 4.25 -3) (layer B.CrtYd) (width 0.05))
    (fp_line (start 4.25 -3) (end -4.25 -3) (layer B.CrtYd) (width 0.05))
    (fp_line (start -4.25 -3) (end -4.25 3) (layer B.CrtYd) (width 0.05))
    (fp_circle (center 0 0) (end 1 0) (layer B.Fab) (width 0.1))
    (pad 1 smd rect (at -3.15 1.9 270) (size 1.7 1) (layers B.Cu B.Paste B.Mask)
      (net 2 GND))
    (pad 1 smd rect (at 3.15 1.9 270) (size 1.7 1) (layers B.Cu B.Paste B.Mask)
      (net 2 GND))
    (pad 2 smd rect (at -3.15 -1.9 270) (size 1.7 1) (layers B.Cu B.Paste B.Mask)
      (net 125 RST))
    (pad 2 smd rect (at 3.15 -1.9 270) (size 1.7 1) (layers B.Cu B.Paste B.Mask)
      (net 125 RST))
    (model ${KISYS3DMOD}/Buttons_Switches_SMD.3dshapes/SW_SPST_TL3342.wrl
      (at (xyz 0 0 0))
      (scale (xyz 1 1 1))
      (rotate (xyz 0 0 0))
    )
  )

  (module keyboard_parts:Pin_Header_Straight_2x03_Pitch2.54mm (layer F.Cu) (tedit 5B6E110B) (tstamp 5B6F77FF)
    (at 128.1176 118.7958 90)
    (descr "Through hole straight pin header, 2x03, 2.54mm pitch, double rows")
    (tags "Through hole pin header THT 2x03 2.54mm double row")
    (path /5B544D39)
    (fp_text reference SPI1 (at 1.32588 6.8707 90) (layer B.SilkS)
      (effects (font (size 1 1) (thickness 0.15)) (justify mirror))
    )
    (fp_text value "2x3 SPI" (at 1.27 7.41 90) (layer F.Fab)
      (effects (font (size 1 1) (thickness 0.15)))
    )
    (fp_text user %R (at 1.27 2.54 180) (layer F.Fab)
      (effects (font (size 1 1) (thickness 0.15)))
    )
    (fp_line (start 4.35 -1.8) (end -1.8 -1.8) (layer F.CrtYd) (width 0.05))
    (fp_line (start 4.35 6.85) (end 4.35 -1.8) (layer F.CrtYd) (width 0.05))
    (fp_line (start -1.8 6.85) (end 4.35 6.85) (layer F.CrtYd) (width 0.05))
    (fp_line (start -1.8 -1.8) (end -1.8 6.85) (layer F.CrtYd) (width 0.05))
    (fp_line (start -1.27 0) (end 0 -1.27) (layer F.Fab) (width 0.1))
    (fp_line (start -1.27 6.35) (end -1.27 0) (layer F.Fab) (width 0.1))
    (fp_line (start 3.81 6.35) (end -1.27 6.35) (layer F.Fab) (width 0.1))
    (fp_line (start 3.81 -1.27) (end 3.81 6.35) (layer F.Fab) (width 0.1))
    (fp_line (start 0 -1.27) (end 3.81 -1.27) (layer F.Fab) (width 0.1))
    (pad 6 thru_hole oval (at 2.54 5.08 90) (size 1.7 1.7) (drill 1) (layers *.Cu *.Mask)
      (net 2 GND))
    (pad 5 thru_hole oval (at 0 5.08 90) (size 1.7 1.7) (drill 1) (layers *.Cu *.Mask)
      (net 125 RST))
    (pad 4 thru_hole oval (at 2.54 2.54 90) (size 1.7 1.7) (drill 1) (layers *.Cu *.Mask)
      (net 128 MOSI))
    (pad 3 thru_hole oval (at 0 2.54 90) (size 1.7 1.7) (drill 1) (layers *.Cu *.Mask)
      (net 129 SCK))
    (pad 2 thru_hole oval (at 2.54 0 90) (size 1.7 1.7) (drill 1) (layers *.Cu *.Mask)
      (net 1 +5V))
    (pad 1 thru_hole rect (at 0 0 90) (size 1.7 1.7) (drill 1) (layers *.Cu *.Mask)
      (net 130 MISO))
  )

  (module keyboard_parts:Crystal_SMD_3225-4pin_3.2x2.5mm (layer B.Cu) (tedit 5B7ABDC0) (tstamp 5B4D7C5F)
    (at 120.015 127.254 90)
    (descr "crystal Epson Toyocom FA-238 and TSX-3225 series")
    (path /5B50D3AF)
    (fp_text reference X1 (at 0 2.45 90) (layer B.Fab)
      (effects (font (size 1 1) (thickness 0.15)) (justify mirror))
    )
    (fp_text value Crystal_GND24 (at 0 -2.45 90) (layer B.SilkS)
      (effects (font (size 1 1) (thickness 0.15)) (justify mirror))
    )
    (fp_line (start -2.0574 -1.7526) (end -2.159 -1.651) (layer B.SilkS) (width 0.15))
    (fp_line (start -2.0574 -1.7526) (end 1.8542 -1.7526) (layer B.SilkS) (width 0.15))
    (fp_line (start -2.159 1.4732) (end -2.159 -1.651) (layer B.SilkS) (width 0.15))
    (fp_line (start 1.6 1.25) (end 1.6 -1.25) (layer B.Fab) (width 0.15))
    (fp_line (start 1.6 -1.25) (end -1.6 -1.25) (layer B.Fab) (width 0.15))
    (fp_line (start -1.6 -1.25) (end -1.6 1.25) (layer B.Fab) (width 0.15))
    (fp_line (start -1.6 1.25) (end 1.6 1.25) (layer B.Fab) (width 0.15))
    (fp_line (start -1.143 -1.9812) (end -0.7874 -2.4892) (layer B.SilkS) (width 0.15))
    (fp_line (start -0.7874 -2.4892) (end -1.4224 -2.4892) (layer B.SilkS) (width 0.15))
    (fp_line (start -0.7874 -2.4892) (end -1.524 -2.4892) (layer B.SilkS) (width 0.15))
    (fp_line (start -1.524 -2.4892) (end -1.143 -1.9812) (layer B.SilkS) (width 0.15))
    (pad 1 smd rect (at -1.15 -0.85 90) (size 1.5 1.3) (layers B.Cu B.Paste B.Mask)
      (net 131 "Net-(U1-Pad17)"))
    (pad 2 smd rect (at 1.15 -0.85 90) (size 1.5 1.3) (layers B.Cu B.Paste B.Mask)
      (net 2 GND))
    (pad 2 smd rect (at -1.15 0.85 90) (size 1.5 1.3) (layers B.Cu B.Paste B.Mask)
      (net 2 GND))
    (pad 3 smd rect (at 1.15 0.85 90) (size 1.5 1.3) (layers B.Cu B.Paste B.Mask)
      (net 132 "Net-(U1-Pad16)"))
    (model Crystals.3dshapes/crystal_FA238-TSX3225.wrl
      (at (xyz 0 0 0))
      (scale (xyz 0.24 0.24 0.24))
      (rotate (xyz 0 0 0))
    )
  )

  (module WS2812B:WS2812B (layer B.Cu) (tedit 5B4D02D0) (tstamp 5B4CCE7C)
    (at 167.386 75.946)
    (path /5B52B854)
    (fp_text reference LED7 (at 0 4.191) (layer B.SilkS)
      (effects (font (size 1 1) (thickness 0.2)) (justify mirror))
    )
    (fp_text value WS2812B (at 0 -4.8) (layer B.SilkS) hide
      (effects (font (size 1 1) (thickness 0.2)) (justify mirror))
    )
    (fp_line (start -1 1) (end 1 1) (layer B.SilkS) (width 0.2))
    (fp_line (start 1 1) (end 1 -1) (layer B.SilkS) (width 0.2))
    (fp_line (start 1 -1) (end -0.5 -1) (layer B.SilkS) (width 0.2))
    (fp_line (start -0.5 -1) (end -1 -0.5) (layer B.SilkS) (width 0.2))
    (fp_line (start -1 -0.5) (end -1 1) (layer B.SilkS) (width 0.2))
    (fp_line (start -2.5 1) (end -2.5 -1) (layer B.SilkS) (width 0.2))
    (fp_line (start -0.5 -2.5) (end 0.5 -2.5) (layer B.SilkS) (width 0.2))
    (fp_line (start 2.5 1) (end 2.5 -1) (layer B.SilkS) (width 0.2))
    (fp_line (start -0.5 2.5) (end 0.5 2.5) (layer B.SilkS) (width 0.2))
    (fp_line (start 2.1 -2.5) (end 2.5 -2.5) (layer Dwgs.User) (width 0.2))
    (fp_line (start -1.2 -2.5) (end 1.2 -2.5) (layer Dwgs.User) (width 0.2))
    (fp_line (start -2.5 -2.5) (end -2.1 -2.5) (layer Dwgs.User) (width 0.2))
    (fp_line (start 2.1 2.5) (end 2.5 2.5) (layer Dwgs.User) (width 0.2))
    (fp_line (start -1.2 2.5) (end 1.2 2.5) (layer Dwgs.User) (width 0.2))
    (fp_line (start -2.5 2.5) (end -2.1 2.5) (layer Dwgs.User) (width 0.2))
    (fp_line (start -2.1 2.7) (end -1.2 2.7) (layer Dwgs.User) (width 0.2))
    (fp_line (start -1.2 2.7) (end -1.2 1.8) (layer Dwgs.User) (width 0.2))
    (fp_line (start -1.2 1.8) (end -2.1 1.8) (layer Dwgs.User) (width 0.2))
    (fp_line (start -2.1 1.8) (end -2.1 2.7) (layer Dwgs.User) (width 0.2))
    (fp_line (start 2.1 2.7) (end 1.2 2.7) (layer Dwgs.User) (width 0.2))
    (fp_line (start 1.2 2.7) (end 1.2 1.8) (layer Dwgs.User) (width 0.2))
    (fp_line (start 1.2 1.8) (end 2.1 1.8) (layer Dwgs.User) (width 0.2))
    (fp_line (start 2.1 1.8) (end 2.1 2.7) (layer Dwgs.User) (width 0.2))
    (fp_line (start -2.1 -2.7) (end -2.1 -1.8) (layer Dwgs.User) (width 0.2))
    (fp_line (start -2.1 -1.8) (end -1.2 -1.8) (layer Dwgs.User) (width 0.2))
    (fp_line (start -1.2 -1.8) (end -1.2 -2.7) (layer Dwgs.User) (width 0.2))
    (fp_line (start -1.2 -2.7) (end -2.1 -2.7) (layer Dwgs.User) (width 0.2))
    (fp_line (start 1.2 -2.7) (end 1.2 -1.8) (layer Dwgs.User) (width 0.2))
    (fp_line (start 1.2 -1.8) (end 2.1 -1.8) (layer Dwgs.User) (width 0.2))
    (fp_line (start 2.1 -1.8) (end 2.1 -2.7) (layer Dwgs.User) (width 0.2))
    (fp_line (start 2.1 -2.7) (end 1.2 -2.7) (layer Dwgs.User) (width 0.2))
    (fp_line (start 2.5 2.5) (end 2.5 -2.5) (layer Dwgs.User) (width 0.2))
    (fp_line (start -2.49936 -2.49936) (end -2.49936 2.49936) (layer Dwgs.User) (width 0.2))
    (pad 1 smd rect (at 1.65 2.4) (size 1.4 1.8) (layers B.Cu B.Paste B.Mask)
      (net 1 +5V))
    (pad 2 smd rect (at -1.65 2.4) (size 1.4 1.8) (layers B.Cu B.Paste B.Mask)
      (net 60 "Net-(LED7-Pad2)"))
    (pad 3 smd rect (at -1.65 -2.4) (size 1.4 1.8) (layers B.Cu B.Paste B.Mask)
      (net 2 GND))
    (pad 4 smd rect (at 1.65 -2.4) (size 1.4 1.8) (layers B.Cu B.Paste B.Mask)
      (net 59 "Net-(LED6-Pad2)"))
    (model ${KIPRJMOD}/3D/WS2812_RGB_LED_updated.stp
      (at (xyz 0 0 0))
      (scale (xyz 1 1 1))
      (rotate (xyz 0 0 0))
    )
  )

  (module TO_SOT_Packages_SMD:SOT-223-3_TabPin2 (layer B.Cu) (tedit 58CE4E7E) (tstamp 5B4D3000)
    (at 157.19552 130.83032)
    (descr "module CMS SOT223 4 pins")
    (tags "CMS SOT")
    (path /5B51335D)
    (attr smd)
    (fp_text reference Q1 (at 0 4.5) (layer B.SilkS)
      (effects (font (size 1 1) (thickness 0.15)) (justify mirror))
    )
    (fp_text value Q_NPN_BCE (at 0 -4.5) (layer B.Fab)
      (effects (font (size 1 1) (thickness 0.15)) (justify mirror))
    )
    (fp_line (start 1.85 3.35) (end 1.85 -3.35) (layer B.Fab) (width 0.1))
    (fp_line (start -1.85 -3.35) (end 1.85 -3.35) (layer B.Fab) (width 0.1))
    (fp_line (start -4.1 3.41) (end 1.91 3.41) (layer B.SilkS) (width 0.12))
    (fp_line (start -0.85 3.35) (end 1.85 3.35) (layer B.Fab) (width 0.1))
    (fp_line (start -1.85 -3.41) (end 1.91 -3.41) (layer B.SilkS) (width 0.12))
    (fp_line (start -1.85 2.35) (end -1.85 -3.35) (layer B.Fab) (width 0.1))
    (fp_line (start -1.85 2.35) (end -0.85 3.35) (layer B.Fab) (width 0.1))
    (fp_line (start -4.4 3.6) (end -4.4 -3.6) (layer B.CrtYd) (width 0.05))
    (fp_line (start -4.4 -3.6) (end 4.4 -3.6) (layer B.CrtYd) (width 0.05))
    (fp_line (start 4.4 -3.6) (end 4.4 3.6) (layer B.CrtYd) (width 0.05))
    (fp_line (start 4.4 3.6) (end -4.4 3.6) (layer B.CrtYd) (width 0.05))
    (fp_line (start 1.91 3.41) (end 1.91 2.15) (layer B.SilkS) (width 0.12))
    (fp_line (start 1.91 -3.41) (end 1.91 -2.15) (layer B.SilkS) (width 0.12))
    (fp_text user %R (at 0 0 -90) (layer B.Fab)
      (effects (font (size 0.8 0.8) (thickness 0.12)) (justify mirror))
    )
    (pad 1 smd rect (at -3.15 2.3) (size 2 1.5) (layers B.Cu B.Paste B.Mask)
      (net 122 "Net-(NPNR1-Pad2)"))
    (pad 3 smd rect (at -3.15 -2.3) (size 2 1.5) (layers B.Cu B.Paste B.Mask)
      (net 2 GND))
    (pad 2 smd rect (at -3.15 0) (size 2 1.5) (layers B.Cu B.Paste B.Mask)
      (net 124 LEDGND))
    (pad 2 smd rect (at 3.15 0) (size 2 3.8) (layers B.Cu B.Paste B.Mask)
      (net 124 LEDGND))
    (model ${KISYS3DMOD}/TO_SOT_Packages_SMD.3dshapes/SOT-223.wrl
      (at (xyz 0 0 0))
      (scale (xyz 1 1 1))
      (rotate (xyz 0 0 0))
    )
  )

  (module Capacitors_SMD:C_0805_HandSoldering (layer B.Cu) (tedit 58AA84A8) (tstamp 5B4CC877)
    (at 100.203 123.571 270)
    (descr "Capacitor SMD 0805, hand soldering")
    (tags "capacitor 0805")
    (path /5B68FE84)
    (attr smd)
    (fp_text reference C1 (at 0 1.75 270) (layer B.SilkS)
      (effects (font (size 1 1) (thickness 0.15)) (justify mirror))
    )
    (fp_text value 0.1uf (at 0 -1.75 270) (layer B.Fab)
      (effects (font (size 1 1) (thickness 0.15)) (justify mirror))
    )
    (fp_text user %R (at 0 1.75 270) (layer B.Fab)
      (effects (font (size 1 1) (thickness 0.15)) (justify mirror))
    )
    (fp_line (start -1 -0.62) (end -1 0.62) (layer B.Fab) (width 0.1))
    (fp_line (start 1 -0.62) (end -1 -0.62) (layer B.Fab) (width 0.1))
    (fp_line (start 1 0.62) (end 1 -0.62) (layer B.Fab) (width 0.1))
    (fp_line (start -1 0.62) (end 1 0.62) (layer B.Fab) (width 0.1))
    (fp_line (start 0.5 0.85) (end -0.5 0.85) (layer B.SilkS) (width 0.12))
    (fp_line (start -0.5 -0.85) (end 0.5 -0.85) (layer B.SilkS) (width 0.12))
    (fp_line (start -2.25 0.88) (end 2.25 0.88) (layer B.CrtYd) (width 0.05))
    (fp_line (start -2.25 0.88) (end -2.25 -0.87) (layer B.CrtYd) (width 0.05))
    (fp_line (start 2.25 -0.87) (end 2.25 0.88) (layer B.CrtYd) (width 0.05))
    (fp_line (start 2.25 -0.87) (end -2.25 -0.87) (layer B.CrtYd) (width 0.05))
    (pad 1 smd rect (at -1.25 0 270) (size 1.5 1.25) (layers B.Cu B.Paste B.Mask)
      (net 1 +5V))
    (pad 2 smd rect (at 1.25 0 270) (size 1.5 1.25) (layers B.Cu B.Paste B.Mask)
      (net 2 GND))
    (model Capacitors_SMD.3dshapes/C_0805.wrl
      (at (xyz 0 0 0))
      (scale (xyz 1 1 1))
      (rotate (xyz 0 0 0))
    )
  )

  (module Capacitors_SMD:C_0805_HandSoldering (layer B.Cu) (tedit 58AA84A8) (tstamp 5B4CC888)
    (at 116.38534 118.80596 90)
    (descr "Capacitor SMD 0805, hand soldering")
    (tags "capacitor 0805")
    (path /5B4A9248)
    (attr smd)
    (fp_text reference C2 (at -1.54432 -1.55702 90) (layer B.SilkS)
      (effects (font (size 1 1) (thickness 0.15)) (justify mirror))
    )
    (fp_text value 0.1uF (at 0 -1.75 90) (layer B.Fab)
      (effects (font (size 1 1) (thickness 0.15)) (justify mirror))
    )
    (fp_line (start 2.25 -0.87) (end -2.25 -0.87) (layer B.CrtYd) (width 0.05))
    (fp_line (start 2.25 -0.87) (end 2.25 0.88) (layer B.CrtYd) (width 0.05))
    (fp_line (start -2.25 0.88) (end -2.25 -0.87) (layer B.CrtYd) (width 0.05))
    (fp_line (start -2.25 0.88) (end 2.25 0.88) (layer B.CrtYd) (width 0.05))
    (fp_line (start -0.5 -0.85) (end 0.5 -0.85) (layer B.SilkS) (width 0.12))
    (fp_line (start 0.5 0.85) (end -0.5 0.85) (layer B.SilkS) (width 0.12))
    (fp_line (start -1 0.62) (end 1 0.62) (layer B.Fab) (width 0.1))
    (fp_line (start 1 0.62) (end 1 -0.62) (layer B.Fab) (width 0.1))
    (fp_line (start 1 -0.62) (end -1 -0.62) (layer B.Fab) (width 0.1))
    (fp_line (start -1 -0.62) (end -1 0.62) (layer B.Fab) (width 0.1))
    (fp_text user %R (at 0 1.75 90) (layer B.Fab)
      (effects (font (size 1 1) (thickness 0.15)) (justify mirror))
    )
    (pad 2 smd rect (at 1.25 0 90) (size 1.5 1.25) (layers B.Cu B.Paste B.Mask)
      (net 2 GND))
    (pad 1 smd rect (at -1.25 0 90) (size 1.5 1.25) (layers B.Cu B.Paste B.Mask)
      (net 1 +5V))
    (model Capacitors_SMD.3dshapes/C_0805.wrl
      (at (xyz 0 0 0))
      (scale (xyz 1 1 1))
      (rotate (xyz 0 0 0))
    )
  )

  (module Capacitors_SMD:C_0805_HandSoldering (layer B.Cu) (tedit 58AA84A8) (tstamp 5B4CC899)
    (at 115.0493 132.9944 270)
    (descr "Capacitor SMD 0805, hand soldering")
    (tags "capacitor 0805")
    (path /5B4A9271)
    (attr smd)
    (fp_text reference C3 (at 0.20828 -1.8923 270) (layer B.SilkS)
      (effects (font (size 1 1) (thickness 0.15)) (justify mirror))
    )
    (fp_text value 0.1uF (at 0 -1.75 270) (layer B.Fab)
      (effects (font (size 1 1) (thickness 0.15)) (justify mirror))
    )
    (fp_text user %R (at 0 1.75 270) (layer B.Fab)
      (effects (font (size 1 1) (thickness 0.15)) (justify mirror))
    )
    (fp_line (start -1 -0.62) (end -1 0.62) (layer B.Fab) (width 0.1))
    (fp_line (start 1 -0.62) (end -1 -0.62) (layer B.Fab) (width 0.1))
    (fp_line (start 1 0.62) (end 1 -0.62) (layer B.Fab) (width 0.1))
    (fp_line (start -1 0.62) (end 1 0.62) (layer B.Fab) (width 0.1))
    (fp_line (start 0.5 0.85) (end -0.5 0.85) (layer B.SilkS) (width 0.12))
    (fp_line (start -0.5 -0.85) (end 0.5 -0.85) (layer B.SilkS) (width 0.12))
    (fp_line (start -2.25 0.88) (end 2.25 0.88) (layer B.CrtYd) (width 0.05))
    (fp_line (start -2.25 0.88) (end -2.25 -0.87) (layer B.CrtYd) (width 0.05))
    (fp_line (start 2.25 -0.87) (end 2.25 0.88) (layer B.CrtYd) (width 0.05))
    (fp_line (start 2.25 -0.87) (end -2.25 -0.87) (layer B.CrtYd) (width 0.05))
    (pad 1 smd rect (at -1.25 0 270) (size 1.5 1.25) (layers B.Cu B.Paste B.Mask)
      (net 1 +5V))
    (pad 2 smd rect (at 1.25 0 270) (size 1.5 1.25) (layers B.Cu B.Paste B.Mask)
      (net 2 GND))
    (model Capacitors_SMD.3dshapes/C_0805.wrl
      (at (xyz 0 0 0))
      (scale (xyz 1 1 1))
      (rotate (xyz 0 0 0))
    )
  )

  (module Capacitors_SMD:C_0805_HandSoldering (layer B.Cu) (tedit 58AA84A8) (tstamp 5B4CC8AA)
    (at 101.6 120.015 180)
    (descr "Capacitor SMD 0805, hand soldering")
    (tags "capacitor 0805")
    (path /5B4A929A)
    (attr smd)
    (fp_text reference C4 (at 0 1.524 180) (layer B.SilkS)
      (effects (font (size 1 1) (thickness 0.15)) (justify mirror))
    )
    (fp_text value 4.7uF (at 0 -1.75 180) (layer B.Fab)
      (effects (font (size 1 1) (thickness 0.15)) (justify mirror))
    )
    (fp_line (start 2.25 -0.87) (end -2.25 -0.87) (layer B.CrtYd) (width 0.05))
    (fp_line (start 2.25 -0.87) (end 2.25 0.88) (layer B.CrtYd) (width 0.05))
    (fp_line (start -2.25 0.88) (end -2.25 -0.87) (layer B.CrtYd) (width 0.05))
    (fp_line (start -2.25 0.88) (end 2.25 0.88) (layer B.CrtYd) (width 0.05))
    (fp_line (start -0.5 -0.85) (end 0.5 -0.85) (layer B.SilkS) (width 0.12))
    (fp_line (start 0.5 0.85) (end -0.5 0.85) (layer B.SilkS) (width 0.12))
    (fp_line (start -1 0.62) (end 1 0.62) (layer B.Fab) (width 0.1))
    (fp_line (start 1 0.62) (end 1 -0.62) (layer B.Fab) (width 0.1))
    (fp_line (start 1 -0.62) (end -1 -0.62) (layer B.Fab) (width 0.1))
    (fp_line (start -1 -0.62) (end -1 0.62) (layer B.Fab) (width 0.1))
    (fp_text user %R (at 0 1.75 180) (layer B.Fab)
      (effects (font (size 1 1) (thickness 0.15)) (justify mirror))
    )
    (pad 2 smd rect (at 1.25 0 180) (size 1.5 1.25) (layers B.Cu B.Paste B.Mask)
      (net 2 GND))
    (pad 1 smd rect (at -1.25 0 180) (size 1.5 1.25) (layers B.Cu B.Paste B.Mask)
      (net 1 +5V))
    (model Capacitors_SMD.3dshapes/C_0805.wrl
      (at (xyz 0 0 0))
      (scale (xyz 1 1 1))
      (rotate (xyz 0 0 0))
    )
  )

  (module Capacitors_SMD:C_0805_HandSoldering (layer B.Cu) (tedit 58AA84A8) (tstamp 5B5098F0)
    (at 103.44404 133.18744 270)
    (descr "Capacitor SMD 0805, hand soldering")
    (tags "capacitor 0805")
    (path /5B4A9514)
    (attr smd)
    (fp_text reference C5 (at -1.4478 1.27 270) (layer B.SilkS)
      (effects (font (size 1 1) (thickness 0.15)) (justify mirror))
    )
    (fp_text value 0.1uF (at 0 -1.75 270) (layer B.Fab)
      (effects (font (size 1 1) (thickness 0.15)) (justify mirror))
    )
    (fp_line (start 2.25 -0.87) (end -2.25 -0.87) (layer B.CrtYd) (width 0.05))
    (fp_line (start 2.25 -0.87) (end 2.25 0.88) (layer B.CrtYd) (width 0.05))
    (fp_line (start -2.25 0.88) (end -2.25 -0.87) (layer B.CrtYd) (width 0.05))
    (fp_line (start -2.25 0.88) (end 2.25 0.88) (layer B.CrtYd) (width 0.05))
    (fp_line (start -0.5 -0.85) (end 0.5 -0.85) (layer B.SilkS) (width 0.12))
    (fp_line (start 0.5 0.85) (end -0.5 0.85) (layer B.SilkS) (width 0.12))
    (fp_line (start -1 0.62) (end 1 0.62) (layer B.Fab) (width 0.1))
    (fp_line (start 1 0.62) (end 1 -0.62) (layer B.Fab) (width 0.1))
    (fp_line (start 1 -0.62) (end -1 -0.62) (layer B.Fab) (width 0.1))
    (fp_line (start -1 -0.62) (end -1 0.62) (layer B.Fab) (width 0.1))
    (fp_text user %R (at 0 1.75 270) (layer B.Fab)
      (effects (font (size 1 1) (thickness 0.15)) (justify mirror))
    )
    (pad 2 smd rect (at 1.25 0 270) (size 1.5 1.25) (layers B.Cu B.Paste B.Mask)
      (net 2 GND))
    (pad 1 smd rect (at -1.25 0 270) (size 1.5 1.25) (layers B.Cu B.Paste B.Mask)
      (net 1 +5V))
    (model Capacitors_SMD.3dshapes/C_0805.wrl
      (at (xyz 0 0 0))
      (scale (xyz 1 1 1))
      (rotate (xyz 0 0 0))
    )
  )

  (module Capacitors_SMD:C_0805_HandSoldering (layer B.Cu) (tedit 58AA84A8) (tstamp 5B4D9BA0)
    (at 111.125 117.475 180)
    (descr "Capacitor SMD 0805, hand soldering")
    (tags "capacitor 0805")
    (path /5B4B76F5)
    (attr smd)
    (fp_text reference C6 (at -0.0762 1.4224 180) (layer B.SilkS)
      (effects (font (size 1 1) (thickness 0.15)) (justify mirror))
    )
    (fp_text value 1uF (at 0 -1.75 180) (layer B.Fab)
      (effects (font (size 1 1) (thickness 0.15)) (justify mirror))
    )
    (fp_line (start 2.25 -0.87) (end -2.25 -0.87) (layer B.CrtYd) (width 0.05))
    (fp_line (start 2.25 -0.87) (end 2.25 0.88) (layer B.CrtYd) (width 0.05))
    (fp_line (start -2.25 0.88) (end -2.25 -0.87) (layer B.CrtYd) (width 0.05))
    (fp_line (start -2.25 0.88) (end 2.25 0.88) (layer B.CrtYd) (width 0.05))
    (fp_line (start -0.5 -0.85) (end 0.5 -0.85) (layer B.SilkS) (width 0.12))
    (fp_line (start 0.5 0.85) (end -0.5 0.85) (layer B.SilkS) (width 0.12))
    (fp_line (start -1 0.62) (end 1 0.62) (layer B.Fab) (width 0.1))
    (fp_line (start 1 0.62) (end 1 -0.62) (layer B.Fab) (width 0.1))
    (fp_line (start 1 -0.62) (end -1 -0.62) (layer B.Fab) (width 0.1))
    (fp_line (start -1 -0.62) (end -1 0.62) (layer B.Fab) (width 0.1))
    (fp_text user %R (at 0 1.75 180) (layer B.Fab)
      (effects (font (size 1 1) (thickness 0.15)) (justify mirror))
    )
    (pad 2 smd rect (at 1.25 0 180) (size 1.5 1.25) (layers B.Cu B.Paste B.Mask)
      (net 3 "Net-(C6-Pad2)"))
    (pad 1 smd rect (at -1.25 0 180) (size 1.5 1.25) (layers B.Cu B.Paste B.Mask)
      (net 2 GND))
    (model Capacitors_SMD.3dshapes/C_0805.wrl
      (at (xyz 0 0 0))
      (scale (xyz 1 1 1))
      (rotate (xyz 0 0 0))
    )
  )

  (module Capacitors_SMD:C_0805_HandSoldering (layer B.Cu) (tedit 58AA84A8) (tstamp 5B4CC8DD)
    (at 38.735 99.568 90)
    (descr "Capacitor SMD 0805, hand soldering")
    (tags "capacitor 0805")
    (path /5B4B7E5F)
    (attr smd)
    (fp_text reference C7 (at 3.0988 0.3302 90) (layer B.SilkS)
      (effects (font (size 1 1) (thickness 0.15)) (justify mirror))
    )
    (fp_text value 4.7uF (at 0 -1.75 90) (layer B.Fab)
      (effects (font (size 1 1) (thickness 0.15)) (justify mirror))
    )
    (fp_line (start 2.25 -0.87) (end -2.25 -0.87) (layer B.CrtYd) (width 0.05))
    (fp_line (start 2.25 -0.87) (end 2.25 0.88) (layer B.CrtYd) (width 0.05))
    (fp_line (start -2.25 0.88) (end -2.25 -0.87) (layer B.CrtYd) (width 0.05))
    (fp_line (start -2.25 0.88) (end 2.25 0.88) (layer B.CrtYd) (width 0.05))
    (fp_line (start -0.5 -0.85) (end 0.5 -0.85) (layer B.SilkS) (width 0.12))
    (fp_line (start 0.5 0.85) (end -0.5 0.85) (layer B.SilkS) (width 0.12))
    (fp_line (start -1 0.62) (end 1 0.62) (layer B.Fab) (width 0.1))
    (fp_line (start 1 0.62) (end 1 -0.62) (layer B.Fab) (width 0.1))
    (fp_line (start 1 -0.62) (end -1 -0.62) (layer B.Fab) (width 0.1))
    (fp_line (start -1 -0.62) (end -1 0.62) (layer B.Fab) (width 0.1))
    (fp_text user %R (at 0 1.75 90) (layer B.Fab)
      (effects (font (size 1 1) (thickness 0.15)) (justify mirror))
    )
    (pad 2 smd rect (at 1.25 0 90) (size 1.5 1.25) (layers B.Cu B.Paste B.Mask)
      (net 4 "Net-(C7-Pad2)"))
    (pad 1 smd rect (at -1.25 0 90) (size 1.5 1.25) (layers B.Cu B.Paste B.Mask)
      (net 2 GND))
    (model Capacitors_SMD.3dshapes/C_0805.wrl
      (at (xyz 0 0 0))
      (scale (xyz 1 1 1))
      (rotate (xyz 0 0 0))
    )
  )

  (module Capacitors_SMD:C_0805_HandSoldering (layer B.Cu) (tedit 58AA84A8) (tstamp 5B4CC8FF)
    (at 78.0796 112.5982 90)
    (descr "Capacitor SMD 0805, hand soldering")
    (tags "capacitor 0805")
    (path /5B548B1E)
    (attr smd)
    (fp_text reference C9 (at 0.127 -1.905 90) (layer B.SilkS)
      (effects (font (size 1 1) (thickness 0.15)) (justify mirror))
    )
    (fp_text value 0.1uF (at 0 -1.75 90) (layer B.Fab)
      (effects (font (size 1 1) (thickness 0.15)) (justify mirror))
    )
    (fp_line (start 2.25 -0.87) (end -2.25 -0.87) (layer B.CrtYd) (width 0.05))
    (fp_line (start 2.25 -0.87) (end 2.25 0.88) (layer B.CrtYd) (width 0.05))
    (fp_line (start -2.25 0.88) (end -2.25 -0.87) (layer B.CrtYd) (width 0.05))
    (fp_line (start -2.25 0.88) (end 2.25 0.88) (layer B.CrtYd) (width 0.05))
    (fp_line (start -0.5 -0.85) (end 0.5 -0.85) (layer B.SilkS) (width 0.12))
    (fp_line (start 0.5 0.85) (end -0.5 0.85) (layer B.SilkS) (width 0.12))
    (fp_line (start -1 0.62) (end 1 0.62) (layer B.Fab) (width 0.1))
    (fp_line (start 1 0.62) (end 1 -0.62) (layer B.Fab) (width 0.1))
    (fp_line (start 1 -0.62) (end -1 -0.62) (layer B.Fab) (width 0.1))
    (fp_line (start -1 -0.62) (end -1 0.62) (layer B.Fab) (width 0.1))
    (fp_text user %R (at 0 1.75 90) (layer B.Fab)
      (effects (font (size 1 1) (thickness 0.15)) (justify mirror))
    )
    (pad 2 smd rect (at 1.25 0 90) (size 1.5 1.25) (layers B.Cu B.Paste B.Mask)
      (net 2 GND))
    (pad 1 smd rect (at -1.25 0 90) (size 1.5 1.25) (layers B.Cu B.Paste B.Mask)
      (net 1 +5V))
    (model Capacitors_SMD.3dshapes/C_0805.wrl
      (at (xyz 0 0 0))
      (scale (xyz 1 1 1))
      (rotate (xyz 0 0 0))
    )
  )

  (module Capacitors_SMD:C_0805_HandSoldering (layer B.Cu) (tedit 58AA84A8) (tstamp 5B4CC910)
    (at 62.1792 120.0404 90)
    (descr "Capacitor SMD 0805, hand soldering")
    (tags "capacitor 0805")
    (path /5B548BD8)
    (attr smd)
    (fp_text reference C10 (at 0 1.75 90) (layer B.SilkS)
      (effects (font (size 1 1) (thickness 0.15)) (justify mirror))
    )
    (fp_text value 0.1uF (at 0 -1.75 90) (layer B.Fab)
      (effects (font (size 1 1) (thickness 0.15)) (justify mirror))
    )
    (fp_text user %R (at 0 1.75 90) (layer B.Fab)
      (effects (font (size 1 1) (thickness 0.15)) (justify mirror))
    )
    (fp_line (start -1 -0.62) (end -1 0.62) (layer B.Fab) (width 0.1))
    (fp_line (start 1 -0.62) (end -1 -0.62) (layer B.Fab) (width 0.1))
